3 0.43408203125 0.37683284457478006 0.21875 0.7302052785923754 
3 0.373046875 0.3717008797653959 0.203125 0.7316715542521994 
3 0.31494140625 0.38343108504398826 0.2041015625 0.7609970674486803 
0 0.10791015625 0.4274193548387097 0.2119140625 0.8533724340175953 
0 0.1728515625 0.40175953079178883 0.19921875 0.8020527859237536 
0 0.23291015625 0.4002932551319648 0.1845703125 0.7991202346041055 
0 0.1572265625 0.24486803519061584 0.16796875 0.4868035190615836 
0 0.2197265625 0.23313782991202345 0.15625 0.46480938416422285 
0 0.0888671875 0.2653958944281525 0.171875 0.530791788856305 
3 0.4072265625 0.23973607038123168 0.1650390625 0.4530791788856305 
3 0.353515625 0.2287390029325513 0.1640625 0.4413489736070381 
