2 0.13233333333333333 0.49121951219512194 0.26466666666666666 0.9765853658536585 
2 0.20533333333333334 0.4624390243902439 0.24066666666666667 0.8614634146341463 
2 0.27266666666666667 0.435609756097561 0.186 0.7482926829268293 
2 0.31933333333333336 0.41121951219512193 0.14266666666666666 0.6351219512195122 
2 0.35933333333333334 0.39414634146341465 0.114 0.5678048780487804 
2 0.3943333333333333 0.3804878048780488 0.09733333333333333 0.5131707317073171 
2 0.44533333333333336 0.35853658536585364 0.07133333333333333 0.41560975609756096 
2 0.4686666666666667 0.35073170731707315 0.07333333333333333 0.3824390243902439 
1 0.49833333333333335 0.3380487804878049 0.036 0.335609756097561 
2 0.423 0.3678048780487805 0.088 0.45658536585365855 
