3 0.4691666666666667 0.47544642857142855 0.060833333333333336 0.5044642857142857 
3 0.43875 0.46875 0.06 0.48660714285714285 
3 0.40958333333333335 0.4654017857142857 0.06166666666666667 0.47767857142857145 
1 0.22708333333333333 0.43861607142857145 0.049166666666666664 0.40625 
1 0.20375 0.4330357142857143 0.045 0.4017857142857143 
1 0.18333333333333332 0.4341517857142857 0.043333333333333335 0.39732142857142855 
1 0.16208333333333333 0.4263392857142857 0.043333333333333335 0.38839285714285715 
1 0.14125 0.42745535714285715 0.04083333333333333 0.39285714285714285 
1 0.12125 0.42299107142857145 0.0375 0.3794642857142857 
0 0.10333333333333333 0.42410714285714285 0.04 0.38839285714285715 
0 0.08333333333333333 0.4174107142857143 0.035833333333333335 0.37723214285714285 
0 0.06833333333333333 0.41517857142857145 0.04083333333333333 0.36830357142857145 
0 0.04875 0.40736607142857145 0.03833333333333333 0.35267857142857145 
