0 0.20788253477588872 0.35962877030162416 0.10200927357032458 0.41067285382830626 
0 0.24343122102009274 0.34454756380510443 0.0973724884080371 0.38979118329466356 
0 0.2751159196290572 0.345707656612529 0.10046367851622875 0.41299303944315546 
0 0.31452859350850076 0.3271461716937355 0.09891808346213292 0.3851508120649652 
0 0.3508500772797527 0.32018561484918795 0.10200927357032458 0.41299303944315546 
0 0.38639876352395675 0.3109048723897912 0.0973724884080371 0.4037122969837587 
0 0.4234930448222566 0.3004640371229698 0.09891808346213292 0.41299303944315546 
0 0.46213292117465227 0.29118329466357307 0.09891808346213292 0.40835266821345706 
0 0.49613601236476046 0.28306264501160094 0.10510046367851623 0.41067285382830626 
0 0.0633693972179289 0.39791183294663574 0.10664605873261206 0.3851508120649652 
0 0.09891808346213292 0.39211136890951276 0.1035548686244204 0.4060324825986079 
0 0.13446676970633695 0.37935034802784223 0.1035548686244204 0.4060324825986079 
0 0.17156105100463678 0.3723897911832947 0.09891808346213292 0.41067285382830626 
0 0.2596599690880989 0.4988399071925754 0.08191653786707882 0.22041763341067286 
0 0.29598145285935085 0.5 0.07882534775888717 0.24361948955916474 
0 0.3384853168469861 0.4988399071925754 0.08964451313755796 0.26218097447795824 
0 0.374806800618238 0.4965197215777262 0.09273570324574962 0.27842227378190254 
0 0.4088098918083462 0.4976798143851508 0.09273570324574962 0.31554524361948955 
0 0.44590417310664604 0.4976798143851508 0.09582689335394126 0.3294663573085847 
0 0.482225656877898 0.5 0.09582689335394126 0.35962877030162416 
0 0.5 0.4988399071925754 0.061823802163833076 0.37122969837587005 
0 0.04327666151468315 0.16009280742459397 0.0865533230293663 0.31786542923433875 
0 0.07882534775888717 0.14965197215777262 0.10819165378670788 0.29930394431554525 
0 0.11360123647604328 0.14385150812064965 0.09428129829984544 0.2853828306264501 
0 0.14760432766615147 0.13109048723897912 0.08809891808346214 0.26218097447795824 
