0 0.04482225656877898 0.16125290023201855 0.08191653786707882 0.3225058004640371 
0 0.03709428129829984 0.34454756380510443 0.07418856259659969 0.30162412993039445 
0 0.03245749613601236 0.4965197215777262 0.06491499227202473 0.25986078886310904 
0 0.06723338485316847 0.4953596287703016 0.07264296754250386 0.2552204176334107 
0 0.10046367851622875 0.4965197215777262 0.07109737248840804 0.25754060324825984 
0 0.16924265842349304 0.4965197215777262 0.07573415765069552 0.2552204176334107 
0 0.13446676970633695 0.4976798143851508 0.0695517774343122 0.25754060324825984 
0 0.20247295208655333 0.4965197215777262 0.07418856259659969 0.2552204176334107 
0 0.2357032457496136 0.4965197215777262 0.08191653786707882 0.25754060324825984 
0 0.27125193199381764 0.4976798143851508 0.08500772797527048 0.25754060324825984 
0 0.30525502318392583 0.4965197215777262 0.09119010819165378 0.2552204176334107 
0 0.34234930448222567 0.4965197215777262 0.0973724884080371 0.2529002320185615 
0 0.37712519319938176 0.4976798143851508 0.09891808346213292 0.25986078886310904 
0 0.4095826893353941 0.4976798143851508 0.09582689335394126 0.25754060324825984 
0 0.18856259659969088 0.3433874709976798 0.08346213292117466 0.29930394431554525 
0 0.22642967542503864 0.34454756380510443 0.09119010819165378 0.30162412993039445 
0 0.26275115919629055 0.3433874709976798 0.09428129829984544 0.29698375870069604 
0 0.29984544049459044 0.34454756380510443 0.09891808346213292 0.29930394431554525 
0 0.3369397217928903 0.34454756380510443 0.10200927357032458 0.30162412993039445 
0 0.3732612055641422 0.3433874709976798 0.1035548686244204 0.30162412993039445 
0 0.41035548686244205 0.3433874709976798 0.10664605873261206 0.29930394431554525 
0 0.446676970633694 0.34454756380510443 0.10973724884080371 0.29930394431554525 
0 0.4845440494590417 0.3422273781902552 0.11282843894899536 0.29930394431554525 
0 0.4992272024729521 0.3433874709976798 0.07109737248840804 0.2853828306264501 
0 0.07418856259659969 0.34454756380510443 0.07573415765069552 0.30162412993039445 
0 0.11205564142194745 0.345707656612529 0.07882534775888717 0.3039443155452436 
0 0.1491499227202473 0.34454756380510443 0.080370942812983 0.30162412993039445 
0 0.1267387944358578 0.16241299303944315 0.08500772797527048 0.3248259860788863 
0 0.08500772797527048 0.16357308584686775 0.08500772797527048 0.3271461716937355 
0 0.1661514683153014 0.16125290023201855 0.08964451313755796 0.3225058004640371 
0 0.2063369397217929 0.16241299303944315 0.09273570324574962 0.3248259860788863 
0 0.2472952086553323 0.16357308584686775 0.10046367851622875 0.3271461716937355 
0 0.2874806800618238 0.16125290023201855 0.10200927357032458 0.3225058004640371 
0 0.3284389489953632 0.16241299303944315 0.10510046367851623 0.3248259860788863 
0 0.3678516228748068 0.16125290023201855 0.10973724884080371 0.3225058004640371 
0 0.4095826893353941 0.16241299303944315 0.11746522411128284 0.3248259860788863 
0 0.44976816074188564 0.16241299303944315 0.11901081916537867 0.3248259860788863 
0 0.4899536321483771 0.16125290023201855 0.12364760432766615 0.3225058004640371 
0 0.44435857805255025 0.4976798143851508 0.10046367851622875 0.2552204176334107 
0 0.47990726429675423 0.4965197215777262 0.1035548686244204 0.2552204176334107 
