0 0.06542056074766354 0.43630573248407645 0.1308411214953271 0.8726114649681529 
0 0.12461059190031153 0.43630573248407645 0.1277258566978193 0.8726114649681529 
0 0.17757009345794392 0.4426751592356688 0.11214953271028037 0.8853503184713376 
0 0.22741433021806853 0.4426751592356688 0.1059190031152648 0.8853503184713376 
0 0.27102803738317754 0.44904458598726116 0.09345794392523364 0.8598726114649682 
0 0.3146417445482866 0.4585987261146497 0.09968847352024922 0.8662420382165605 
0 0.35046728971962615 0.44904458598726116 0.08099688473520249 0.7898089171974523 
0 0.3847352024922118 0.44904458598726116 0.0778816199376947 0.7579617834394905 
0 0.4143302180685358 0.45222929936305734 0.06853582554517133 0.732484076433121 
0 0.4454828660436137 0.4585987261146497 0.06542056074766354 0.7133757961783439 
0 0.4750778816199377 0.4585987261146497 0.06230529595015576 0.6815286624203821 
