0 0.04173106646058733 0.13805104408352667 0.06646058732612056 0.27610208816705334 
0 0.10587326120556415 0.1368909512761021 0.06491499227202473 0.2737819025522042 
0 0.17156105100463678 0.1368909512761021 0.06491499227202473 0.2737819025522042 
0 0.13833075734157652 0.1368909512761021 0.06646058732612056 0.2737819025522042 
0 0.07341576506955177 0.1368909512761021 0.06491499227202473 0.2737819025522042 
0 0.20324574961360123 0.1368909512761021 0.0633693972179289 0.2737819025522042 
0 0.2357032457496136 0.1368909512761021 0.061823802163833076 0.2737819025522042 
0 0.26816074188562594 0.1368909512761021 0.06646058732612056 0.2737819025522042 
0 0.30061823802163834 0.1368909512761021 0.06491499227202473 0.2737819025522042 
0 0.3330757341576507 0.13805104408352667 0.06646058732612056 0.27610208816705334 
0 0.366306027820711 0.1357308584686775 0.06491499227202473 0.271461716937355 
0 0.3987635239567233 0.13805104408352667 0.06491499227202473 0.27610208816705334 
0 0.241112828438949 0.4976798143851508 0.06646058732612056 0.3062645011600928 
0 0.20865533230293662 0.494199535962877 0.06800618238021638 0.29930394431554525 
0 0.17387944358578053 0.49303944315545245 0.06491499227202473 0.29698375870069604 
0 0.14142194744976816 0.494199535962877 0.0633693972179289 0.29930394431554525 
0 0.11051004636785162 0.494199535962877 0.06491499227202473 0.29930394431554525 
0 0.07727975270479134 0.49303944315545245 0.061823802163833076 0.29930394431554525 
0 0.04482225656877898 0.4953596287703016 0.06491499227202473 0.3062645011600928 
0 0.43508500772797526 0.4965197215777262 0.0633693972179289 0.3039443155452436 
0 0.4034003091190108 0.4965197215777262 0.0633693972179289 0.3039443155452436 
0 0.37171561051004637 0.4976798143851508 0.06491499227202473 0.3039443155452436 
0 0.3384853168469861 0.4965197215777262 0.0633693972179289 0.3039443155452436 
0 0.3068006182380216 0.4976798143851508 0.06491499227202473 0.3062645011600928 
0 0.2735703245749614 0.4976798143851508 0.0633693972179289 0.3062645011600928 
0 0.46754250386398766 0.4965197215777262 0.06491499227202473 0.3062645011600928 
0 0.49845440494590415 0.4965197215777262 0.061823802163833076 0.3062645011600928 
0 0.4953632148377125 0.13805104408352667 0.0633693972179289 0.27610208816705334 
0 0.46367851622874806 0.1368909512761021 0.06491499227202473 0.2737819025522042 
0 0.43044822256568777 0.1368909512761021 0.0633693972179289 0.2737819025522042 
0 0.04327666151468315 0.3167053364269142 0.06646058732612056 0.30162412993039445 
0 0.07496136012364761 0.3167053364269142 0.06491499227202473 0.30162412993039445 
0 0.10741885625965997 0.31786542923433875 0.06491499227202473 0.30162412993039445 
0 0.13987635239567234 0.31786542923433875 0.0633693972179289 0.30162412993039445 
0 0.17156105100463678 0.31786542923433875 0.0633693972179289 0.3039443155452436 
0 0.20479134466769705 0.31786542923433875 0.06491499227202473 0.30162412993039445 
0 0.23724884080370942 0.3190255220417633 0.06491499227202473 0.3039443155452436 
0 0.2689335394126739 0.31786542923433875 0.0633693972179289 0.30162412993039445 
0 0.30216383307573413 0.3190255220417633 0.06646058732612056 0.3039443155452436 
0 0.33462132921174653 0.3190255220417633 0.06491499227202473 0.3062645011600928 
0 0.3678516228748068 0.31786542923433875 0.06491499227202473 0.30162412993039445 
0 0.40030911901081917 0.3190255220417633 0.0633693972179289 0.3062645011600928 
