0 0.06568778979907264 0.16357308584686775 0.13137557959814528 0.3271461716937355 
0 0.10123647604327667 0.14849187935034802 0.14064914992272023 0.29698375870069604 
0 0.14142194744976816 0.1334106728538283 0.13137557959814528 0.2668213457076566 
0 0.18083462132921174 0.11948955916473318 0.12364760432766615 0.23897911832946636 
0 0.22024729520865532 0.10440835266821345 0.1143740340030912 0.2088167053364269 
0 0.4992272024729521 0.28306264501160094 0.11128284389489954 0.46635730858468677 
0 0.46213292117465227 0.29930394431554525 0.11746522411128284 0.46635730858468677 
0 0.4250386398763524 0.314385150812065 0.12364760432766615 0.46635730858468677 
0 0.3848531684698609 0.3271461716937355 0.125193199381762 0.4617169373549884 
0 0.3454404945904173 0.33874709976798145 0.12828438948995363 0.45243619489559167 
0 0.3091190108191654 0.351508120649652 0.13601236476043277 0.44779582366589327 
0 0.2704791344667697 0.36310904872389793 0.13292117465224113 0.44779582366589327 
0 0.23415765069551778 0.37470997679814383 0.1391035548686244 0.4385150812064965 
0 0.19706336939721794 0.388631090487239 0.14219474497681608 0.4408352668213457 
0 0.15842349304482226 0.40023201856148494 0.14064914992272023 0.43155452436194897 
0 0.12210200927357033 0.41299303944315546 0.14528593508500773 0.43387470997679817 
0 0.0865533230293663 0.425754060324826 0.14837712519319937 0.43155452436194897 
0 0.05023183925811438 0.4361948955916473 0.10046367851622875 0.39675174013921116 
0 0.4992272024729521 0.4988399071925754 0.04327666151468315 0.3805104408352668 
0 0.4945904173106646 0.4988399071925754 0.10819165378670788 0.35498839907192575 
0 0.45440494590417313 0.4976798143851508 0.1035548686244204 0.3271461716937355 
0 0.41653786707882534 0.4988399071925754 0.10200927357032458 0.3039443155452436 
0 0.38098918083462135 0.5 0.10510046367851623 0.27842227378190254 
0 0.34234930448222567 0.4988399071925754 0.10046367851622875 0.2505800464037123 
0 0.3044822256568779 0.4988399071925754 0.0973724884080371 0.22273781902552203 
0 0.26584234930448225 0.4988399071925754 0.09582689335394126 0.19721577726218098 
