0 0.4479768786127168 0.16510791366906474 0.10289017341040463 0.21798561151079138 
0 0.3976878612716763 0.16546762589928057 0.10520231213872833 0.2158273381294964 
0 0.2502890173410405 0.1658273381294964 0.10289017341040463 0.21223021582733814 
0 0.20057803468208094 0.16654676258992807 0.10404624277456648 0.2143884892086331 
2 0.2976878612716763 0.16654676258992807 0.09710982658959537 0.2158273381294964 
2 0.34739884393063586 0.16618705035971224 0.10057803468208093 0.2158273381294964 
2 0.15202312138728324 0.1658273381294964 0.10173410404624278 0.21294964028776978 
2 0.10346820809248555 0.1669064748201439 0.10520231213872833 0.2143884892086331 
0 0.44913294797687864 0.3118705035971223 0.10982658959537572 0.22661870503597123 
0 0.39710982658959537 0.3129496402877698 0.10520231213872833 0.22661870503597123 
2 0.3468208092485549 0.3122302158273381 0.10520231213872833 0.2237410071942446 
2 0.29595375722543354 0.312589928057554 0.10057803468208093 0.22446043165467625 
0 0.24971098265895952 0.3118705035971223 0.10289017341040463 0.2237410071942446 
0 0.1994219653179191 0.31115107913669066 0.10057803468208093 0.22014388489208633 
2 0.15144508670520232 0.3133093525179856 0.10173410404624278 0.2251798561151079 
2 0.1023121387283237 0.312589928057554 0.10982658959537572 0.2237410071942446 
2 0.2994219653179191 0.4593525179856115 0.10404624277456648 0.2381294964028777 
2 0.3485549132947977 0.4568345323741007 0.10751445086705202 0.23093525179856114 
2 0.15028901734104047 0.45755395683453237 0.10289017341040463 0.23525179856115108 
2 0.09942196531791908 0.460431654676259 0.10289017341040463 0.2381294964028777 
0 0.3965317919075145 0.45755395683453237 0.10289017341040463 0.23237410071942446 
0 0.44913294797687864 0.460431654676259 0.10867052023121387 0.24028776978417266 
0 0.24971098265895952 0.45863309352517984 0.10289017341040463 0.23597122302158274 
