0 0.03115264797507788 0.4554140127388535 0.06230529595015576 0.7197452229299363 
0 0.07009345794392523 0.4585987261146497 0.08411214953271028 0.7261146496815286 
0 0.10903426791277258 0.46496815286624205 0.08411214953271028 0.732484076433121 
0 0.15109034267912771 0.4681528662420382 0.08722741433021806 0.7388535031847133 
0 0.19158878504672897 0.4713375796178344 0.08411214953271028 0.7388535031847133 
0 0.278816199376947 0.49363057324840764 0.09657320872274143 0.7898089171974523 
0 0.2336448598130841 0.4745222929936306 0.08722741433021806 0.7452229299363057 
0 0.31931464174454827 0.49044585987261147 0.08411214953271028 0.7643312101910829 
0 0.40965732087227413 0.4968152866242038 0.09034267912772585 0.7707006369426752 
0 0.45794392523364486 0.5 0.09657320872274143 0.7770700636942676 
0 0.4984423676012461 0.5 0.08411214953271028 0.7707006369426752 
