0 0.133125 0.30725190839694655 0.0925 0.4312977099236641 
0 0.1825 0.29866412213740456 0.085 0.4255725190839695 
0 0.240625 0.3053435114503817 0.0925 0.4312977099236641 
1 0.295625 0.30438931297709926 0.09125 0.4198473282442748 
2 0.40375 0.30438931297709926 0.09 0.4198473282442748 
2 0.4575 0.3062977099236641 0.09 0.41603053435114506 
2 0.499375 0.3053435114503817 0.07375 0.41030534351145037 
3 0.185625 0.49809160305343514 0.0925 0.31679389312977096 
3 0.241875 0.49904580152671757 0.09375 0.3187022900763359 
4 0.29625 0.49904580152671757 0.0875 0.32061068702290074 
4 0.3525 0.49809160305343514 0.095 0.31679389312977096 
4 0.4075 0.49904580152671757 0.09125 0.3187022900763359 
4 0.45875 0.49904580152671757 0.0875 0.32061068702290074 
0 0.0775 0.30343511450381677 0.1 0.4389312977099237 
0 0.13125 0.49904580152671757 0.10375 0.31679389312977096 
