0 0.03632148377125193 0.17053364269141533 0.07264296754250386 0.33874709976798145 
0 0.07187017001545595 0.15661252900232017 0.09428129829984544 0.31322505800464034 
0 0.10973724884080371 0.14501160092807425 0.09582689335394126 0.2900232018561485 
0 0.1445131375579598 0.1334106728538283 0.09273570324574962 0.2668213457076566 
0 0.18160741885625967 0.12412993039443156 0.08809891808346214 0.2482598607888631 
0 0.21792890262751158 0.11252900232018562 0.08809891808346214 0.22505800464037123 
0 0.2534775888717156 0.09976798143851508 0.08346213292117466 0.19953596287703015 
0 0.02627511591962906 0.4234338747099768 0.05255023183925812 0.3851508120649652 
0 0.061051004636785165 0.41647331786542924 0.0973724884080371 0.42923433874709976 
0 0.09582689335394126 0.4037122969837587 0.09273570324574962 0.42691415313225056 
0 0.13292117465224113 0.39327146171693733 0.09891808346213292 0.42691415313225056 
0 0.16769706336939721 0.38167053364269143 0.09582689335394126 0.43155452436194897 
0 0.20556414219474498 0.3689095127610209 0.0973724884080371 0.42691415313225056 
0 0.23956723338485317 0.35962877030162416 0.09273570324574962 0.43387470997679817 
0 0.2782071097372488 0.3468677494199536 0.0973724884080371 0.42923433874709976 
0 0.31530139103554866 0.3352668213457077 0.09891808346213292 0.42923433874709976 
0 0.3508500772797527 0.3236658932714617 0.0973724884080371 0.42923433874709976 
0 0.38794435857805254 0.3109048723897912 0.09891808346213292 0.42923433874709976 
0 0.4242658423493045 0.29930394431554525 0.09582689335394126 0.43387470997679817 
0 0.4613601236476043 0.2900232018561485 0.09582689335394126 0.4385150812064965 
0 0.49768160741885625 0.27610208816705334 0.10046367851622875 0.4361948955916473 
0 0.1831530139103555 0.4988399071925754 0.07418856259659969 0.17865429234338748 
0 0.2241112828438949 0.4988399071925754 0.07882534775888717 0.20185614849187936 
0 0.2635239567233385 0.4988399071925754 0.08500772797527048 0.2273781902552204 
0 0.30139103554868624 0.4988399071925754 0.08346213292117466 0.2529002320185615 
0 0.3369397217928903 0.4988399071925754 0.08500772797527048 0.28074245939675174 
0 0.3740340030911901 0.4988399071925754 0.08809891808346214 0.29930394431554525 
0 0.4095826893353941 0.4988399071925754 0.0865533230293663 0.32018561484918795 
0 0.44899536321483774 0.4988399071925754 0.09428129829984544 0.345707656612529 
0 0.4860896445131376 0.5 0.09582689335394126 0.3689095127610209 
0 0.4992272024729521 0.4988399071925754 0.05100463678516229 0.39443155452436196 
