0 0.0529595015576324 0.4554140127388535 0.1059190031152648 0.6751592356687898 
0 0.09657320872274143 0.45222929936305734 0.1277258566978193 0.6624203821656051 
0 0.14174454828660435 0.45222929936305734 0.12461059190031153 0.6560509554140127 
0 0.1853582554517134 0.4554140127388535 0.11838006230529595 0.6624203821656051 
0 0.23052959501557632 0.44904458598726116 0.11526479750778816 0.6560509554140127 
0 0.2772585669781931 0.46178343949044587 0.11838006230529595 0.6878980891719745 
0 0.31931464174454827 0.4554140127388535 0.09968847352024922 0.6624203821656051 
0 0.3644859813084112 0.45222929936305734 0.09968847352024922 0.6624203821656051 
0 0.40965732087227413 0.45222929936305734 0.09657320872274143 0.6624203821656051 
0 0.45482866043613707 0.45222929936305734 0.09657320872274143 0.6624203821656051 
