0 0.2723809523809524 0.16539440203562342 0.12761904761904763 0.33078880407124683 
0 0.34 0.17557251908396945 0.13333333333333333 0.3511450381679389 
0 0.4066666666666667 0.16157760814249364 0.12 0.3231552162849873 
0 0.4685714285714286 0.16412213740458015 0.12380952380952381 0.3282442748091603 
0 0.4685714285714286 0.410941475826972 0.12380952380952381 0.3816793893129771 
0 0.4066666666666667 0.41475826972010177 0.12571428571428572 0.3791348600508906 
0 0.34285714285714286 0.41348600508905853 0.09333333333333334 0.3816793893129771 
0 0.16666666666666666 0.4071246819338422 0.05904761904761905 0.3842239185750636 
0 0.1361904761904762 0.4083969465648855 0.13142857142857142 0.38676844783715014 
0 0.06285714285714286 0.4083969465648855 0.12571428571428572 0.39185750636132316 
2 0.06952380952380953 0.16030534351145037 0.12761904761904763 0.32061068702290074 
2 0.11428571428571428 0.1628498727735369 0.09142857142857143 0.3256997455470738 
