3 0.03662109375 0.33203125 0.0732421875 0.26953125 
3 0.080078125 0.3665364583333333 0.0830078125 0.3072916666666667 
3 0.11376953125 0.3671875 0.072265625 0.3098958333333333 
3 0.1435546875 0.3658854166666667 0.060546875 0.2877604166666667 
3 0.1787109375 0.3841145833333333 0.0712890625 0.3216145833333333 
3 0.3662109375 0.3828125 0.0771484375 0.3138020833333333 
3 0.32763671875 0.3821614583333333 0.07421875 0.3229166666666667 
3 0.29052734375 0.3841145833333333 0.0751953125 0.3216145833333333 
3 0.251953125 0.3841145833333333 0.0732421875 0.3177083333333333 
3 0.21484375 0.3860677083333333 0.076171875 0.32421875 
1 0.4033203125 0.3828125 0.076171875 0.3203125 
1 0.44091796875 0.3828125 0.0771484375 0.3190104166666667 
