0 0.09238095238095238 0.16030534351145037 0.12571428571428572 0.32061068702290074 
0 0.15047619047619049 0.15776081424936386 0.11428571428571428 0.3155216284987277 
0 0.22380952380952382 0.17302798982188294 0.1295238095238095 0.3460559796437659 
0 0.2885714285714286 0.1628498727735369 0.12380952380952381 0.3256997455470738 
2 0.38571428571428573 0.16412213740458015 0.12761904761904763 0.3282442748091603 
2 0.42857142857142855 0.16030534351145037 0.08761904761904762 0.32061068702290074 
2 0.49142857142857144 0.15776081424936386 0.1219047619047619 0.3155216284987277 
0 0.09238095238095238 0.4083969465648855 0.1219047619047619 0.366412213740458 
0 0.15619047619047619 0.4083969465648855 0.12571428571428572 0.3638676844783715 
0 0.19714285714285715 0.40966921119592875 0.08 0.36895674300254455 
0 0.43142857142857144 0.405852417302799 0.13523809523809524 0.37659033078880405 
