0 0.2714285714285714 0.17938931297709923 0.12380952380952381 0.35877862595419846 
0 0.3380952380952381 0.18702290076335878 0.1295238095238095 0.37404580152671757 
0 0.4066666666666667 0.15776081424936386 0.11619047619047619 0.3155216284987277 
0 0.4695238095238095 0.178117048346056 0.12761904761904763 0.356234096692112 
0 0.06285714285714286 0.4198473282442748 0.12571428571428572 0.4122137404580153 
0 0.13714285714285715 0.4211195928753181 0.13714285714285715 0.4122137404580153 
0 0.34285714285714286 0.40966921119592875 0.08761904761904762 0.36895674300254455 
0 0.4057142857142857 0.4262086513994911 0.12380952380952381 0.4020356234096692 
0 0.4666666666666667 0.42493638676844786 0.1219047619047619 0.4020356234096692 
2 0.17714285714285713 0.17684478371501272 0.12761904761904763 0.35368956743002544 
2 0.06857142857142857 0.1717557251908397 0.12380952380952381 0.3435114503816794 
