2 0.04633471645919779 0.3034398034398034 0.09266943291839558 0.5577395577395577 
2 0.09474412171507607 0.3046683046683047 0.09405255878284924 0.547911547911548 
2 0.13623789764868602 0.3058968058968059 0.07883817427385892 0.4692874692874693 
2 0.169432918395574 0.3071253071253071 0.0636237897648686 0.4226044226044226 
0 0.19294605809128632 0.3083538083538084 0.04702627939142462 0.35135135135135137 
0 0.2517289073305671 0.3132678132678133 0.06500691562932227 0.42997542997543 
0 0.28769017980636236 0.3083538083538084 0.0677731673582296 0.40786240786240785 
0 0.3333333333333333 0.3132678132678133 0.06915629322268327 0.4520884520884521 
3 0.3651452282157676 0.3144963144963145 0.0636237897648686 0.4398034398034398 
3 0.3962655601659751 0.3144963144963145 0.0677731673582296 0.4250614250614251 
4 0.4266943291839557 0.3132678132678133 0.06639004149377593 0.40786240786240785 
4 0.4612724757952974 0.3157248157248157 0.0677731673582296 0.4201474201474201 
