0 0.03894080996884735 0.45222929936305734 0.0778816199376947 0.6369426751592356 
0 0.08255451713395638 0.4585987261146497 0.08722741433021806 0.643312101910828 
0 0.16510903426791276 0.4554140127388535 0.08411214953271028 0.6369426751592356 
0 0.2087227414330218 0.4554140127388535 0.08722741433021806 0.643312101910828 
0 0.24766355140186916 0.4585987261146497 0.08099688473520249 0.643312101910828 
0 0.2897196261682243 0.46496815286624205 0.08411214953271028 0.6815286624203821 
0 0.3302180685358255 0.4554140127388535 0.08099688473520249 0.643312101910828 
0 0.37383177570093457 0.4585987261146497 0.08411214953271028 0.643312101910828 
0 0.4158878504672897 0.45222929936305734 0.08411214953271028 0.6369426751592356 
0 0.45794392523364486 0.4554140127388535 0.08411214953271028 0.6369426751592356 
0 0.4984423676012461 0.4554140127388535 0.08099688473520249 0.643312101910828 
