0 0.33515625 0.38333333333333336 0.075 0.33541666666666664 
0 0.37421875 0.3875 0.0734375 0.34375 
0 0.29609375 0.38229166666666664 0.075 0.3333333333333333 
0 0.25703125 0.38125 0.0703125 0.33125 
1 0.1640625 0.49895833333333334 0.075 0.19791666666666666 
1 0.20234375 0.49895833333333334 0.078125 0.19375 
2 0.140625 0.3802083333333333 0.0796875 0.3375 
2 0.18203125 0.38333333333333336 0.078125 0.3416666666666667 
2 0.22109375 0.38125 0.075 0.3333333333333333 
3 0.25390625 0.4979166666666667 0.0765625 0.19375 
3 0.296875 0.4979166666666667 0.0796875 0.19375 
3 0.334375 0.4979166666666667 0.0765625 0.19375 
