0 0.04559505409582689 0.14733178654292342 0.07264296754250386 0.29466357308584684 
0 0.08191653786707882 0.14617169373549885 0.07264296754250386 0.2923433874709977 
0 0.11591962905718702 0.14733178654292342 0.0695517774343122 0.29466357308584684 
0 0.15224111282843894 0.14849187935034802 0.07264296754250386 0.29698375870069604 
0 0.18778979907264295 0.14617169373549885 0.07418856259659969 0.2923433874709977 
0 0.22256568778979907 0.14733178654292342 0.07264296754250386 0.29466357308584684 
0 0.2581143740340031 0.14733178654292342 0.07573415765069552 0.29466357308584684 
0 0.2936630602782071 0.14617169373549885 0.07727975270479134 0.2923433874709977 
0 0.32921174652241114 0.14617169373549885 0.07573415765069552 0.2923433874709977 
0 0.36476043276661513 0.14617169373549885 0.07882534775888717 0.2923433874709977 
0 0.3987635239567233 0.14617169373549885 0.07882534775888717 0.2923433874709977 
0 0.04559505409582689 0.3294663573085847 0.0695517774343122 0.3039443155452436 
0 0.07959814528593509 0.32830626450116007 0.07109737248840804 0.3039443155452436 
0 0.11282843894899536 0.32830626450116007 0.06800618238021638 0.3039443155452436 
0 0.14605873261205565 0.3294663573085847 0.06800618238021638 0.30162412993039445 
0 0.18083462132921174 0.32830626450116007 0.0695517774343122 0.3039443155452436 
0 0.21638330757341576 0.3294663573085847 0.07264296754250386 0.3039443155452436 
0 0.24961360123647605 0.3294663573085847 0.07109737248840804 0.3039443155452436 
0 0.28516228748068007 0.33178654292343385 0.07573415765069552 0.308584686774942 
0 0.31839258114374036 0.3294663573085847 0.07264296754250386 0.3062645011600928 
0 0.35239567233384855 0.32830626450116007 0.07418856259659969 0.30162412993039445 
0 0.38717156105100464 0.3306264501160093 0.07573415765069552 0.3062645011600928 
0 0.42194744976816073 0.3306264501160093 0.07882534775888717 0.308584686774942 
0 0.43431221020092736 0.14733178654292342 0.080370942812983 0.29466357308584684 
0 0.4721792890262751 0.14501160092807425 0.09119010819165378 0.2900232018561485 
0 0.4992272024729521 0.14733178654292342 0.07109737248840804 0.29466357308584684 
0 0.4574961360123648 0.3306264501160093 0.08809891808346214 0.3062645011600928 
0 0.49227202472952086 0.32830626450116007 0.08809891808346214 0.30162412993039445 
0 0.04636785162287481 0.4953596287703016 0.0695517774343122 0.2877030162412993 
0 0.07882534775888717 0.4965197215777262 0.06646058732612056 0.2877030162412993 
0 0.11282843894899536 0.4976798143851508 0.07109737248840804 0.2900232018561485 
0 0.14605873261205565 0.4976798143851508 0.07109737248840804 0.2853828306264501 
0 0.17928902627511592 0.4976798143851508 0.07109737248840804 0.2877030162412993 
0 0.2125193199381762 0.4953596287703016 0.07418856259659969 0.28074245939675174 
0 0.24652241112828438 0.4976798143851508 0.07418856259659969 0.2853828306264501 
0 0.28052550231839257 0.4976798143851508 0.07727975270479134 0.2877030162412993 
0 0.31298299845440497 0.4976798143851508 0.07727975270479134 0.2877030162412993 
0 0.3454404945904173 0.4988399071925754 0.07264296754250386 0.2900232018561485 
0 0.3786707882534776 0.4965197215777262 0.07418856259659969 0.2853828306264501 
0 0.44513137557959814 0.4965197215777262 0.07882534775888717 0.28306264501160094 
