0 0.301875 0.3015267175572519 0.0875 0.4179389312977099 
0 0.356875 0.29770992366412213 0.0925 0.4198473282442748 
0 0.409375 0.30248091603053434 0.085 0.4083969465648855 
0 0.4675 0.3015267175572519 0.09625 0.4026717557251908 
2 0.035625 0.30343511450381677 0.07125 0.4026717557251908 
2 0.085 0.3062977099236641 0.08 0.4122137404580153 
2 0.14125 0.3053435114503817 0.08875 0.41412213740458015 
1 0.248125 0.30438931297709926 0.08875 0.4179389312977099 
3 0.303125 0.49904580152671757 0.095 0.3301526717557252 
3 0.35875 0.49713740458015265 0.0925 0.3187022900763359 
