0 0.09238095238095238 0.16157760814249364 0.12380952380952381 0.3231552162849873 
0 0.14952380952380953 0.15648854961832062 0.11428571428571428 0.31297709923664124 
0 0.22476190476190477 0.1717557251908397 0.1295238095238095 0.34096692111959287 
0 0.2895238095238095 0.16030534351145037 0.12571428571428572 0.32061068702290074 
0 0.09333333333333334 0.410941475826972 0.1219047619047619 0.37659033078880405 
0 0.15428571428571428 0.410941475826972 0.10857142857142857 0.37150127226463103 
2 0.49142857142857144 0.15521628498727735 0.12 0.3104325699745547 
2 0.42952380952380953 0.15903307888040713 0.09142857142857143 0.31806615776081426 
2 0.38666666666666666 0.16157760814249364 0.1295238095238095 0.3231552162849873 
0 0.1980952380952381 0.40966921119592875 0.0838095238095238 0.37150127226463103 
0 0.49714285714285716 0.4020356234096692 0.12380952380952381 0.3791348600508906 
