3 0.03662109375 0.3958333333333333 0.0732421875 0.3763020833333333 
3 0.08154296875 0.3977864583333333 0.0966796875 0.3841145833333333 
3 0.11962890625 0.3971354166666667 0.0830078125 0.3684895833333333 
3 0.162109375 0.4192708333333333 0.0986328125 0.4114583333333333 
3 0.20703125 0.4173177083333333 0.09375 0.4088541666666667 
3 0.25341796875 0.4186197916666667 0.0947265625 0.4088541666666667 
3 0.30078125 0.4173177083333333 0.09765625 0.4036458333333333 
3 0.3466796875 0.4173177083333333 0.09375 0.40625 
3 0.39501953125 0.4166666666666667 0.1025390625 0.40625 
1 0.44287109375 0.41796875 0.099609375 0.4075520833333333 
