0 0.25311203319502074 0.3108108108108108 0.06915629322268327 0.4250614250614251 
0 0.2869986168741355 0.31203931203931207 0.06639004149377593 0.41277641277641275 
0 0.334716459197787 0.31203931203931207 0.07745504840940526 0.44471744471744473 
3 0.3665283540802213 0.3144963144963145 0.06915629322268327 0.43734643734643736 
3 0.3969571230982019 0.3144963144963145 0.0636237897648686 0.4275184275184275 
4 0.43084370677731676 0.3194103194103194 0.07468879668049792 0.4275184275184275 
4 0.4612724757952974 0.31695331695331697 0.07607192254495158 0.41277641277641275 
2 0.04495159059474412 0.3034398034398034 0.08990318118948824 0.5552825552825553 
2 0.09405255878284924 0.3058968058968059 0.10096818810511757 0.5454545454545454 
2 0.17081604426002767 0.3071253071253071 0.07330567081604426 0.4103194103194103 
2 0.1355463347164592 0.3083538083538084 0.08022130013831259 0.47174447174447176 
0 0.21922544951590595 0.3083538083538084 0.051175656984785614 0.35626535626535627 
