0 0.20333333333333334 0.21 0.06 0.205 
0 0.23066666666666666 0.21 0.05466666666666667 0.194 
0 0.26066666666666666 0.2085 0.050666666666666665 0.187 
0 0.3626666666666667 0.2095 0.07333333333333333 0.196 
0 0.32466666666666666 0.209 0.058666666666666666 0.192 
1 0.302 0.3355 0.05733333333333333 0.201 
1 0.3373333333333333 0.341 0.068 0.211 
2 0.224 0.454 0.058666666666666666 0.178 
2 0.18866666666666668 0.4545 0.04933333333333333 0.175 
2 0.25866666666666666 0.456 0.06533333333333333 0.182 
2 0.2926666666666667 0.4575 0.06266666666666666 0.188 
2 0.3293333333333333 0.4575 0.06933333333333333 0.18 
2 0.3586666666666667 0.448 0.056 0.164 
