2 0.07428571428571429 0.1361323155216285 0.11238095238095239 0.2697201017811705 
2 0.01904761904761905 0.13231552162849872 0.0380952380952381 0.26463104325699743 
0 0.28095238095238095 0.1361323155216285 0.1619047619047619 0.272264631043257 
0 0.3647619047619048 0.15139949109414758 0.1676190476190476 0.30279898218829515 
0 0.4504761904761905 0.13358778625954199 0.14666666666666667 0.26717557251908397 
0 0.4990476190476191 0.13358778625954199 0.09714285714285714 0.26717557251908397 
2 0.15904761904761905 0.14122137404580154 0.16952380952380952 0.2824427480916031 
0 0.10571428571428572 0.4491094147582697 0.17714285714285713 0.4910941475826972 
0 0.37047619047619046 0.45674300254452926 0.11047619047619048 0.4758269720101781 
0 0.44952380952380955 0.45674300254452926 0.16 0.48091603053435117 
