0 0.16 0.2015 0.08666666666666667 0.237 
0 0.19533333333333333 0.2 0.072 0.224 
0 0.246 0.2015 0.092 0.236 
0 0.27266666666666667 0.2005 0.06666666666666667 0.224 
0 0.304 0.2 0.06533333333333333 0.228 
0 0.342 0.2015 0.08 0.241 
2 0.154 0.485 0.072 0.195 
2 0.19466666666666665 0.4975 0.08 0.22 
2 0.236 0.4965 0.07733333333333334 0.22 
2 0.27666666666666667 0.4955 0.07733333333333334 0.22 
2 0.31666666666666665 0.4945 0.07333333333333333 0.218 
2 0.35133333333333333 0.4945 0.06266666666666666 0.218 
1 0.18533333333333332 0.36 0.09333333333333334 0.253 
