2 0.173125 0.2862595419847328 0.0625 0.2881679389312977 
2 0.135625 0.2862595419847328 0.06125 0.2881679389312977 
2 0.099375 0.2862595419847328 0.06 0.2824427480916031 
1 0.248125 0.2881679389312977 0.0625 0.2958015267175573 
0 0.2875 0.28912213740458015 0.06375 0.29961832061068705 
0 0.325625 0.2833969465648855 0.06625 0.2919847328244275 
0 0.363125 0.2862595419847328 0.06375 0.28053435114503816 
0 0.403125 0.2872137404580153 0.06375 0.2748091603053435 
3 0.3275 0.4627862595419847 0.07 0.30343511450381677 
3 0.2875 0.46469465648854963 0.0675 0.30725190839694655 
4 0.24875 0.4637404580152672 0.065 0.30343511450381677 
