1 0.40478515625 0.3821614583333333 0.0830078125 0.31640625 
1 0.44287109375 0.3815104166666667 0.078125 0.31640625 
1 0.4794921875 0.3828125 0.083984375 0.3190104166666667 
3 0.3642578125 0.3821614583333333 0.0771484375 0.3190104166666667 
3 0.32666015625 0.3841145833333333 0.0712890625 0.3216145833333333 
3 0.2900390625 0.3821614583333333 0.0732421875 0.3203125 
3 0.25341796875 0.3815104166666667 0.0751953125 0.3177083333333333 
3 0.21533203125 0.384765625 0.0712890625 0.328125 
3 0.17919921875 0.3860677083333333 0.0732421875 0.3229166666666667 
3 0.14501953125 0.3723958333333333 0.0625 0.30078125 
3 0.11328125 0.3671875 0.0732421875 0.3033854166666667 
3 0.07666015625 0.3671875 0.0732421875 0.3020833333333333 
