0 0.02625 0.46205357142857145 0.05 0.46205357142857145 
0 0.04666666666666667 0.4642857142857143 0.050833333333333335 0.4642857142857143 
0 0.07041666666666667 0.46875 0.05333333333333334 0.4732142857142857 
1 0.22041666666666668 0.47767857142857145 0.056666666666666664 0.4955357142857143 
3 0.4995833333333333 0.4966517857142857 0.035833333333333335 0.5647321428571429 
3 0.4845833333333333 0.49888392857142855 0.07416666666666667 0.5602678571428571 
3 0.44875 0.49776785714285715 0.07916666666666666 0.5647321428571429 
1 0.09458333333333334 0.46763392857142855 0.05416666666666667 0.46651785714285715 
1 0.11708333333333333 0.46986607142857145 0.050833333333333335 0.47767857142857145 
1 0.14291666666666666 0.4732142857142857 0.055 0.484375 
1 0.16875 0.47767857142857145 0.05416666666666667 0.4955357142857143 
