0 0.03582554517133956 0.4968152866242038 0.07165109034267912 0.6560509554140127 
0 0.0794392523364486 0.4968152866242038 0.09968847352024922 0.6751592356687898 
0 0.12461059190031153 0.4968152866242038 0.102803738317757 0.7006369426751592 
0 0.17133956386292834 0.4968152866242038 0.1059190031152648 0.7197452229299363 
0 0.21339563862928349 0.4968152866242038 0.1059190031152648 0.7515923566878981 
0 0.2585669781931464 0.4968152866242038 0.1059190031152648 0.7643312101910829 
0 0.3037383177570093 0.4968152866242038 0.10903426791277258 0.8089171974522293 
0 0.34579439252336447 0.49363057324840764 0.1059190031152648 0.8089171974522293 
0 0.3909657320872274 0.4840764331210191 0.10903426791277258 0.8152866242038217 
0 0.43457943925233644 0.4745222929936306 0.10903426791277258 0.8152866242038217 
0 0.4781931464174455 0.46496815286624205 0.1059190031152648 0.821656050955414 
