4 0.07538035961272475 0.31695331695331697 0.07330567081604426 0.4176904176904177 
4 0.10511756569847856 0.3157248157248157 0.07053941908713693 0.4201474201474201 
3 0.1334716459197787 0.3157248157248157 0.06639004149377593 0.42997542997543 
3 0.16597510373443983 0.3144963144963145 0.0677731673582296 0.44226044226044225 
0 0.20193637621023514 0.3132678132678133 0.07745504840940526 0.44717444717444715 
0 0.24619640387275243 0.3108108108108108 0.07192254495159059 0.4176904176904177 
0 0.28077455048409405 0.3095823095823096 0.07053941908713693 0.4275184275184275 
0 0.3063623789764869 0.3108108108108108 0.05255878284923928 0.36363636363636365 
2 0.3630705394190871 0.3095823095823096 0.07053941908713693 0.41277641277641275 
2 0.4045643153526971 0.3083538083538084 0.08437067773167359 0.47174447174447176 
2 0.4536652835408022 0.3046683046683047 0.09820193637621023 0.542997542997543 
2 0.49930843706777317 0.3034398034398034 0.0912863070539419 0.5651105651105651 
