0 0.085625 0.29961832061068705 0.0925 0.37404580152671757 
0 0.136875 0.3005725190839695 0.08875 0.3797709923664122 
0 0.190625 0.2967557251908397 0.09 0.4064885496183206 
0 0.240625 0.3015267175572519 0.0875 0.4083969465648855 
1 0.2925 0.30343511450381677 0.08375 0.40458015267175573 
2 0.39375 0.3005725190839695 0.08125 0.3931297709923664 
2 0.44625 0.30438931297709926 0.08125 0.3969465648854962 
2 0.495625 0.30248091603053434 0.08625 0.3893129770992366 
3 0.188125 0.49713740458015265 0.08875 0.32251908396946566 
3 0.241875 0.49809160305343514 0.09 0.32251908396946566 
4 0.29375 0.49809160305343514 0.085 0.32633587786259544 
4 0.345625 0.49809160305343514 0.08375 0.3244274809160305 
4 0.4 0.49713740458015265 0.085 0.32251908396946566 
