0 0.4685714285714286 0.1628498727735369 0.12380952380952381 0.3256997455470738 
0 0.4057142857142857 0.15903307888040713 0.12 0.31806615776081426 
2 0.17904761904761904 0.16412213740458015 0.13333333333333333 0.3256997455470738 
2 0.11238095238095239 0.16157760814249364 0.08761904761904762 0.32061068702290074 
2 0.06761904761904762 0.15776081424936386 0.12 0.31297709923664124 
0 0.2723809523809524 0.1628498727735369 0.12380952380952381 0.3256997455470738 
0 0.33904761904761904 0.1743002544529262 0.13142857142857142 0.3486005089058524 
0 0.06190476190476191 0.4033078880407125 0.12380952380952381 0.3791348600508906 
0 0.1380952380952381 0.4033078880407125 0.13333333333333333 0.37659033078880405 
0 0.1657142857142857 0.40458015267175573 0.05904761904761905 0.37659033078880405 
0 0.34476190476190477 0.410941475826972 0.09333333333333334 0.36895674300254455 
0 0.4066666666666667 0.4122137404580153 0.12380952380952381 0.37150127226463103 
