3 0.06125 0.47544642857142855 0.06 0.5044642857142857 
3 0.09083333333333334 0.46986607142857145 0.059166666666666666 0.49107142857142855 
3 0.11875 0.46205357142857145 0.05416666666666667 0.4732142857142857 
1 0.29583333333333334 0.43526785714285715 0.045 0.39955357142857145 
1 0.31625 0.43191964285714285 0.03833333333333333 0.3950892857142857 
1 0.3375 0.4330357142857143 0.0425 0.40625 
1 0.3570833333333333 0.4263392857142857 0.03833333333333333 0.39285714285714285 
1 0.37833333333333335 0.42410714285714285 0.04 0.38839285714285715 
1 0.3954166666666667 0.42410714285714285 0.03333333333333333 0.390625 
0 0.41541666666666666 0.42299107142857145 0.04 0.38839285714285715 
0 0.4325 0.42299107142857145 0.03166666666666667 0.38169642857142855 
0 0.45 0.4174107142857143 0.035833333333333335 0.375 
0 0.46875 0.4140625 0.04083333333333333 0.36607142857142855 
