3 0.03564453125 0.3365885416666667 0.0693359375 0.28125 
3 0.07861328125 0.3678385416666667 0.08203125 0.3059895833333333 
3 0.11328125 0.3658854166666667 0.0751953125 0.3059895833333333 
3 0.1455078125 0.3678385416666667 0.0673828125 0.3098958333333333 
3 0.17919921875 0.3841145833333333 0.07421875 0.3255208333333333 
3 0.21533203125 0.38671875 0.07421875 0.3346354166666667 
3 0.251953125 0.3834635416666667 0.0712890625 0.32421875 
3 0.2890625 0.3828125 0.07421875 0.3268229166666667 
3 0.328125 0.3821614583333333 0.0712890625 0.3268229166666667 
3 0.365234375 0.3821614583333333 0.0771484375 0.3216145833333333 
1 0.40234375 0.3834635416666667 0.0732421875 0.3255208333333333 
1 0.44140625 0.3834635416666667 0.078125 0.3229166666666667 
