0 0.294 0.0808 0.0364 0.09 
0 0.31 0.0772 0.0336 0.0884 
0 0.3274 0.0718 0.0372 0.0916 
0 0.3452 0.0678 0.0368 0.0948 
0 0.3634 0.062 0.0408 0.0932 
0 0.3944 0.052 0.0284 0.0924 
0 0.315 0.1844 0.0392 0.098 
0 0.3322 0.1798 0.0392 0.0944 
0 0.3494 0.1762 0.0396 0.0968 
0 0.3692 0.1728 0.042 0.1004 
0 0.387 0.1686 0.0448 0.0984 
0 0.4072 0.1654 0.0444 0.1024 
0 0.4212 0.1618 0.0316 0.1024 
0 0.1092 0.1278 0.0336 0.0856 
0 0.0742 0.1342 0.0336 0.0864 
0 0.0554 0.1378 0.032 0.088 
0 0.0368 0.1414 0.0344 0.0904 
0 0.1216 0.2262 0.0336 0.092 
0 0.1028 0.2308 0.0304 0.0928 
0 0.089 0.236 0.03 0.0956 
0 0.0668 0.2412 0.032 0.0976 
0 0.053 0.2432 0.0252 0.0952 
0 0.018 0.2516 0.0304 0.0952 
0 0.118 0.339 0.036 0.0992 
0 0.086 0.3446 0.032 0.1008 
0 0.0648 0.354 0.034 0.1032 
0 0.0384 0.3642 0.0332 0.106 
0 0.0246 0.3648 0.0352 0.1024 
0 0.047 0.3552 0.0316 0.1 
0 0.0276 0.4726 0.032 0.1016 
0 0.0344 0.468 0.0316 0.1032 
0 0.0894 0.4536 0.0328 0.1068 
0 0.0748 0.4574 0.0324 0.1108 
0 0.13 0.4404 0.0348 0.1076 
0 0.1476 0.4326 0.032 0.1048 
0 0.1332 0.43 0.0296 0.1052 
0 0.358 0.4028 0.0424 0.1164 
0 0.3764 0.3962 0.0444 0.1132 
0 0.3942 0.3896 0.0444 0.1124 
0 0.4186 0.3986 0.048 0.1184 
0 0.4332 0.3856 0.0464 0.114 
0 0.461 0.3956 0.05 0.1228 
0 0.4768 0.3942 0.04 0.1248 
0 0.356 0.2954 0.0424 0.1104 
0 0.3932 0.2872 0.044 0.1088 
0 0.4106 0.2818 0.0456 0.1072 
0 0.4352 0.2844 0.0472 0.1128 
