0 0.0472 0.3438 0.0392 0.0796 
0 0.0358 0.3442 0.038 0.0836 
0 0.0802 0.34 0.0348 0.0756 
0 0.0968 0.3378 0.0348 0.076 
0 0.0248 0.2694 0.0376 0.0748 
0 0.036 0.2704 0.0372 0.0764 
0 0.0574 0.2676 0.0368 0.0728 
0 0.0758 0.2648 0.0356 0.072 
0 0.0992 0.266 0.032 0.0728 
0 0.044 0.1892 0.0288 0.0692 
0 0.0526 0.1886 0.0296 0.0656 
0 0.0822 0.1884 0.0328 0.066 
0 0.0902 0.1886 0.03 0.0672 
0 0.109 0.1884 0.0308 0.066 
0 0.1342 0.1882 0.03 0.0656 
0 0.1196 0.188 0.03 0.0652 
0 0.289 0.1896 0.0272 0.07 
0 0.3032 0.1894 0.026 0.068 
0 0.3178 0.1894 0.0268 0.0696 
0 0.3342 0.1906 0.0268 0.072 
0 0.3484 0.191 0.026 0.0728 
0 0.3652 0.1918 0.0272 0.0756 
0 0.0958 0.1168 0.03 0.06 
0 0.0666 0.1156 0.0272 0.0608 
0 0.1096 0.1172 0.028 0.0596 
0 0.1242 0.1176 0.03 0.058 
0 0.1282 0.1178 0.0192 0.0532 
0 0.151 0.1182 0.0288 0.0568 
0 0.3234 0.2762 0.0292 0.0804 
0 0.3386 0.276 0.03 0.0816 
0 0.3568 0.2816 0.0272 0.0844 
0 0.3702 0.2808 0.024 0.0844 
0 0.3002 0.1152 0.0248 0.0628 
0 0.3134 0.1144 0.0248 0.06 
0 0.328 0.1136 0.0256 0.0628 
0 0.3428 0.1132 0.0272 0.0648 
0 0.3572 0.1122 0.026 0.064 
0 0.2924 0.2758 0.028 0.0804 
0 0.266 0.3556 0.03 0.0896 
0 0.2812 0.3534 0.0272 0.086 
0 0.2978 0.3518 0.0308 0.086 
0 0.314 0.3628 0.028 0.09 
0 0.3298 0.3566 0.0288 0.0868 
