0 0.16 0.1504 0.0252 0.0776 
0 0.1362 0.1502 0.018 0.0692 
0 0.1316 0.1508 0.0212 0.0776 
0 0.1186 0.1526 0.0236 0.0788 
0 0.1078 0.1512 0.0184 0.0732 
0 0.1026 0.1522 0.0256 0.0752 
0 0.0718 0.1538 0.022 0.0796 
0 0.0814 0.244 0.0244 0.0844 
0 0.1148 0.2396 0.0172 0.0796 
0 0.1306 0.2382 0.0252 0.0784 
0 0.1438 0.2364 0.0236 0.0744 
0 0.1662 0.318 0.0248 0.074 
0 0.1618 0.3212 0.0256 0.0804 
0 0.1386 0.322 0.0232 0.0788 
0 0.1228 0.3268 0.0232 0.082 
0 0.0928 0.3306 0.0212 0.0812 
0 0.0998 0.4084 0.0212 0.0836 
0 0.096 0.41 0.0232 0.0812 
0 0.1296 0.4012 0.0236 0.0788 
0 0.1404 0.4006 0.0248 0.0784 
0 0.3112 0.1336 0.0288 0.0868 
0 0.3944 0.1202 0.016 0.09 
0 0.4026 0.2162 0.0152 0.0856 
0 0.3904 0.2176 0.0268 0.0864 
0 0.3738 0.2188 0.024 0.0848 
0 0.3618 0.2198 0.0248 0.086 
0 0.346 0.2202 0.0264 0.0812 
0 0.3314 0.2218 0.024 0.0848 
0 0.3182 0.2228 0.0244 0.0844 
0 0.4108 0.3152 0.02 0.0916 
0 0.382 0.3126 0.0248 0.0884 
0 0.3412 0.3156 0.0272 0.0872 
0 0.4196 0.402 0.018 0.0928 
0 0.3892 0.3914 0.0264 0.0868 
0 0.3778 0.398 0.0284 0.0904 
0 0.3468 0.3918 0.0248 0.0856 
0 0.3338 0.3942 0.026 0.0856 
0 0.0788 0.154 0.0232 0.0768 
0 0.0892 0.2412 0.022 0.078 
0 0.1554 0.2354 0.0248 0.076 
0 0.169 0.2346 0.0248 0.0768 
0 0.1044 0.3306 0.0252 0.0796 
0 0.1116 0.3254 0.0248 0.076 
0 0.1688 0.3954 0.0248 0.0768 
0 0.1822 0.3916 0.022 0.074 
0 0.3694 0.3136 0.0248 0.0856 
0 0.4012 0.3168 0.0268 0.0908 
0 0.3608 0.3896 0.0252 0.0848 
