0 0.3046 0.2566 0.0236 0.0896 
0 0.3178 0.2582 0.0224 0.0872 
0 0.3316 0.2598 0.0228 0.0872 
0 0.3494 0.2646 0.0272 0.0932 
0 0.3634 0.2662 0.0248 0.0924 
0 0.3804 0.269 0.0276 0.094 
0 0.3944 0.2726 0.0208 0.0984 
0 0.3122 0.3596 0.0264 0.0976 
0 0.341 0.3658 0.024 0.0956 
0 0.3552 0.3672 0.024 0.0944 
0 0.3736 0.3772 0.0236 0.0984 
0 0.3864 0.3786 0.0212 0.098 
0 0.2918 0.4396 0.0232 0.0884 
0 0.306 0.4414 0.022 0.0896 
0 0.3198 0.4418 0.0232 0.0888 
0 0.3348 0.456 0.0224 0.0928 
0 0.3488 0.4528 0.0224 0.092 
0 0.3674 0.4686 0.0264 0.0972 
0 0.381 0.4754 0.0204 0.1 
0 0.0996 0.389 0.0196 0.0812 
0 0.1086 0.3912 0.0212 0.0784 
0 0.1348 0.3934 0.0196 0.0768 
0 0.1468 0.3938 0.0188 0.0768 
0 0.0774 0.3098 0.0208 0.0796 
0 0.0866 0.3132 0.0192 0.082 
0 0.1046 0.313 0.022 0.0784 
0 0.1184 0.312 0.0196 0.0768 
0 0.1396 0.3172 0.0212 0.0772 
0 0.078 0.2222 0.018 0.0816 
0 0.1104 0.2262 0.0204 0.0796 
0 0.118 0.2274 0.0188 0.0792 
0 0.1344 0.2298 0.0192 0.0808 
0 0.1444 0.231 0.0192 0.0808 
0 0.1576 0.2328 0.0204 0.0804 
0 0.0834 0.1324 0.0152 0.0808 
0 0.1108 0.138 0.022 0.082 
0 0.1238 0.1398 0.0192 0.0808 
0 0.1364 0.142 0.0184 0.0812 
0 0.163 0.1458 0.0196 0.0772 
0 0.3104 0.1602 0.0252 0.0908 
0 0.3246 0.16 0.0236 0.0848 
0 0.3404 0.1608 0.026 0.092 
0 0.3558 0.1612 0.0268 0.0908 
0 0.3716 0.1626 0.0272 0.0944 
0 0.4014 0.1646 0.02 0.0984 
0 0.142 0.143 0.0144 0.0736 
0 0.0852 0.2224 0.0172 0.08 
0 0.0932 0.3106 0.0172 0.0788 
