0 0.1504 0.1134 0.0164 0.0796 
0 0.1034 0.2154 0.0184 0.0888 
0 0.1272 0.2096 0.0204 0.0832 
0 0.1506 0.3002 0.0212 0.092 
0 0.1178 0.3038 0.0228 0.0896 
0 0.1036 0.3104 0.022 0.09 
0 0.103 0.3922 0.0184 0.0888 
0 0.1164 0.3792 0.018 0.0832 
0 0.1398 0.3732 0.0188 0.0804 
0 0.1508 0.3754 0.0196 0.0836 
0 0.2984 0.084 0.022 0.0836 
0 0.3562 0.072 0.0224 0.0984 
0 0.3422 0.0744 0.024 0.0932 
0 0.2982 0.177 0.0216 0.0904 
0 0.312 0.1748 0.0228 0.0884 
0 0.3134 0.2692 0.0256 0.0892 
0 0.336 0.2628 0.0236 0.088 
0 0.3526 0.2644 0.0284 0.0928 
0 0.3118 0.3474 0.0224 0.0816 
0 0.2984 0.3462 0.0192 0.08 
