0 0.1916 0.076 0.0404 0.1012 
0 0.1584 0.067 0.0384 0.102 
0 0.1262 0.0574 0.0424 0.1044 
0 0.1432 0.0616 0.0388 0.1004 
0 0.1652 0.1868 0.0416 0.1016 
0 0.1486 0.1826 0.0376 0.102 
0 0.1366 0.18 0.0404 0.1016 
0 0.1172 0.1744 0.0432 0.1024 
0 0.107 0.1712 0.0404 0.0996 
0 0.0648 0.1628 0.0348 0.1072 
0 0.0736 0.1624 0.03 0.0988 
0 0.1218 0.293 0.0388 0.1016 
0 0.0972 0.2822 0.0396 0.0964 
0 0.077 0.2814 0.0376 0.0992 
0 0.0552 0.2798 0.0416 0.1016 
0 0.0438 0.2752 0.0404 0.1008 
0 0.0672 0.3828 0.0416 0.0968 
0 0.0992 0.3876 0.0368 0.0964 
0 0.1156 0.39 0.036 0.0964 
0 0.0542 0.3792 0.0376 0.0996 
0 0.015 0.3748 0.03 0.1004 
0 0.3734 0.1136 0.0444 0.1112 
0 0.3884 0.1174 0.0404 0.1088 
0 0.4088 0.1196 0.0468 0.1136 
0 0.4276 0.1228 0.048 0.1144 
0 0.4474 0.127 0.05 0.118 
