0 0.081 0.146 0.0232 0.0872 
0 0.1136 0.1444 0.0304 0.086 
0 0.128 0.144 0.0268 0.0852 
0 0.1432 0.1442 0.0268 0.088 
0 0.1572 0.142 0.0244 0.0804 
0 0.1722 0.1422 0.0252 0.086 
0 0.109 0.247 0.028 0.0908 
0 0.1252 0.2442 0.0276 0.0884 
0 0.1404 0.2426 0.0272 0.09 
0 0.1554 0.2396 0.0256 0.0868 
0 0.1696 0.2382 0.0244 0.0872 
0 0.183 0.2362 0.0244 0.086 
0 0.1818 0.3348 0.0292 0.0904 
0 0.1528 0.3382 0.028 0.088 
0 0.1382 0.3398 0.0272 0.0888 
0 0.1214 0.3496 0.0292 0.0936 
0 0.132 0.4378 0.0288 0.0956 
0 0.149 0.424 0.0288 0.0896 
0 0.178 0.4158 0.028 0.0884 
0 0.2062 0.4154 0.028 0.0896 
