0 0.2846153846153846 0.3980125523012552 0.09769230769230769 0.4027196652719665 
0 0.4542307692307692 0.4445606694560669 0.09692307692307692 0.4194560669456067 
0 0.25576923076923075 0.14905857740585773 0.08307692307692308 0.29811715481171547 
0 0.29615384615384616 0.1553347280334728 0.09076923076923077 0.3106694560669456 
0 0.3211538461538462 0.16161087866108786 0.07538461538461538 0.32217573221757323 
1 0.09692307692307692 0.3551255230125523 0.07923076923076923 0.401673640167364 
1 0.05653846153846154 0.3436192468619247 0.08461538461538462 0.39435146443514646 
1 0.2173076923076923 0.14330543933054393 0.08076923076923077 0.28451882845188287 
1 0.17692307692307693 0.13598326359832635 0.07307692307692308 0.26778242677824265 
1 0.14115384615384616 0.12656903765690378 0.07153846153846154 0.25313807531380755 
1 0.10384615384615385 0.11715481171548117 0.06692307692307692 0.23326359832635984 
1 0.07 0.1051255230125523 0.07461538461538461 0.20920502092050208 
