1 0.04269230769230769 0.17677824267782427 0.05692307692307692 0.28765690376569036 
1 0.07384615384615385 0.17573221757322174 0.06 0.29916317991631797 
1 0.105 0.17573221757322174 0.05846153846153846 0.29811715481171547 
1 0.13923076923076924 0.17625523012552302 0.06076923076923077 0.28765690376569036 
1 0.17 0.17677824267782427 0.05923076923076923 0.2897489539748954 
1 0.20115384615384616 0.17468619246861924 0.057692307692307696 0.30962343096234307 
1 0.19192307692307692 0.36297071129707115 0.06846153846153846 0.3064853556485356 
1 0.15423076923076923 0.36035564853556484 0.06846153846153846 0.29811715481171547 
1 0.11846153846153847 0.35930962343096234 0.06769230769230769 0.3075313807531381 
1 0.08384615384615385 0.3577405857740586 0.07076923076923076 0.3043933054393305 
1 0.048846153846153845 0.3577405857740586 0.07076923076923076 0.2907949790794979 
0 0.23692307692307693 0.17625523012552302 0.06692307692307692 0.30962343096234307 
0 0.26884615384615385 0.174163179916318 0.06153846153846154 0.3043933054393305 
0 0.29307692307692307 0.17311715481171547 0.043076923076923075 0.301255230125523 
0 0.32384615384615384 0.174163179916318 0.05923076923076923 0.29497907949790797 
0 0.36153846153846153 0.17625523012552302 0.06692307692307692 0.29602510460251047 
0 0.39692307692307693 0.17364016736401675 0.06769230769230769 0.3064853556485356 
0 0.43115384615384617 0.17468619246861924 0.06692307692307692 0.29497907949790797 
0 0.46576923076923077 0.17573221757322174 0.06615384615384616 0.29497907949790797 
0 0.4723076923076923 0.36297071129707115 0.07615384615384616 0.32112970711297073 
0 0.4319230769230769 0.36506276150627615 0.07384615384615385 0.32426778242677823 
0 0.39115384615384613 0.3415271966527197 0.06923076923076923 0.28765690376569036 
0 0.3553846153846154 0.3436192468619247 0.07153846153846154 0.2698744769874477 
0 0.3180769230769231 0.3472803347280335 0.06692307692307692 0.27510460251046026 
0 0.28307692307692306 0.3598326359832636 0.07538461538461538 0.30962343096234307 
