0 0.25153846153846154 0.38859832635983266 0.10153846153846154 0.37656903765690375 
0 0.29384615384615387 0.38127615062761505 0.09538461538461539 0.38598326359832635 
1 0.18653846153846154 0.17311715481171547 0.08923076923076922 0.34623430962343094 
1 0.1519230769230769 0.1809623430962343 0.08923076923076922 0.3587866108786611 
1 0.11692307692307692 0.18671548117154813 0.09 0.3692468619246862 
1 0.08153846153846153 0.19717573221757323 0.0876923076923077 0.37656903765690375 
1 0.046538461538461535 0.2055439330543933 0.0876923076923077 0.3692468619246862 
1 0.039615384615384615 0.4325313807531381 0.07923076923076923 0.3682008368200837 
1 0.19923076923076924 0.4110878661087866 0.10538461538461538 0.3713389121338912 
1 0.15730769230769232 0.41265690376569036 0.10692307692307693 0.3619246861924686 
1 0.11884615384615385 0.42102510460251047 0.10538461538461538 0.3817991631799163 
1 0.08115384615384616 0.42677824267782427 0.11461538461538462 0.37552301255230125 
0 0.2230769230769231 0.1637029288702929 0.08846153846153847 0.3263598326359833 
0 0.26 0.15951882845188284 0.08 0.3190376569037657 
0 0.3161538461538462 0.14382845188284518 0.07615384615384616 0.28765690376569036 
0 0.36 0.13755230125523013 0.08692307692307692 0.27510460251046026 
0 0.3984615384615385 0.12761506276150628 0.08384615384615385 0.25523012552301255 
0 0.43615384615384617 0.1202928870292887 0.08615384615384615 0.2405857740585774 
0 0.4776923076923077 0.1098326359832636 0.08846153846153847 0.2196652719665272 
0 0.49884615384615383 0.3436192468619247 0.08615384615384615 0.401673640167364 
0 0.45653846153846156 0.3540794979079498 0.09307692307692307 0.4006276150627615 
0 0.415 0.350418410041841 0.10461538461538461 0.3880753138075314 
