1 0.18423076923076923 0.17154811715481172 0.11384615384615385 0.34309623430962344 
1 0.1423076923076923 0.18200836820083682 0.10076923076923076 0.36401673640167365 
1 0.10538461538461538 0.20188284518828453 0.10461538461538461 0.4006276150627615 
1 0.07076923076923076 0.20868200836820083 0.10923076923076923 0.40585774058577406 
1 0.20192307692307693 0.44037656903765693 0.11538461538461539 0.4205020920502092 
1 0.15730769230769232 0.45502092050209203 0.11692307692307692 0.41631799163179917 
1 0.11692307692307692 0.46809623430962344 0.11846153846153847 0.4497907949790795 
1 0.07423076923076923 0.48064853556485354 0.11692307692307692 0.4361924686192469 
0 0.21884615384615386 0.1589958158995816 0.10923076923076923 0.3179916317991632 
0 0.2561538461538462 0.14905857740585773 0.10230769230769231 0.29811715481171547 
0 0.2815384615384615 0.13284518828451883 0.07384615384615385 0.26569037656903766 
0 0.3173076923076923 0.12238493723849372 0.08923076923076922 0.24476987447698745 
0 0.25576923076923075 0.4168410041841004 0.10846153846153846 0.4435146443514644 
0 0.3007692307692308 0.40376569037656906 0.11 0.45397489539748953 
0 0.3415384615384615 0.3645397489539749 0.10076923076923076 0.36506276150627615 
0 0.3853846153846154 0.34623430962343094 0.10153846153846154 0.35564853556485354 
0 0.4257692307692308 0.3305439330543933 0.10230769230769231 0.41422594142259417 
0 0.47423076923076923 0.34309623430962344 0.10230769230769231 0.45397489539748953 
