1 0.04230769230769231 0.17468619246861924 0.06 0.27824267782426776 
1 0.07153846153846154 0.17625523012552302 0.05615384615384615 0.29707112970711297 
1 0.13923076923076924 0.17468619246861924 0.06153846153846154 0.2792887029288703 
1 0.1676923076923077 0.17207112970711297 0.05384615384615385 0.27510460251046026 
1 0.20192307692307693 0.17364016736401675 0.06307692307692307 0.2928870292887029 
1 0.19 0.3608786610878661 0.06615384615384616 0.28556485355648537 
1 0.15576923076923077 0.3645397489539749 0.07538461538461538 0.2907949790794979 
1 0.11538461538461539 0.35826359832635984 0.06076923076923077 0.30857740585774057 
1 0.08269230769230769 0.35930962343096234 0.06461538461538462 0.30857740585774057 
1 0.046538461538461535 0.35930962343096234 0.06769230769230769 0.2813807531380753 
0 0.235 0.17468619246861924 0.06307692307692307 0.30962343096234307 
0 0.2684615384615385 0.17573221757322174 0.06153846153846154 0.3117154811715481 
0 0.29346153846153844 0.17154811715481172 0.052307692307692305 0.29916317991631797 
0 0.32576923076923076 0.17364016736401675 0.06384615384615384 0.2918410041841004 
0 0.3619230769230769 0.17364016736401675 0.06615384615384616 0.2792887029288703 
0 0.3946153846153846 0.174163179916318 0.06461538461538462 0.3148535564853556 
0 0.43 0.17311715481171547 0.06846153846153846 0.28451882845188287 
0 0.4646153846153846 0.17259414225941422 0.06461538461538462 0.2813807531380753 
0 0.4938461538461538 0.17154811715481172 0.05076923076923077 0.3106694560669456 
0 0.47307692307692306 0.3608786610878661 0.07769230769230769 0.3138075313807531 
0 0.43038461538461537 0.36140167364016734 0.06923076923076923 0.3190376569037657 
0 0.39192307692307693 0.3446652719665272 0.07384615384615385 0.2939330543933054 
0 0.35307692307692307 0.34309623430962344 0.07 0.24476987447698745 
0 0.3173076923076923 0.34675732217573224 0.06615384615384616 0.25523012552301255 
0 0.28192307692307694 0.36140167364016734 0.07615384615384616 0.3200836820083682 
