0 0.4307692307692308 0.3274058577405858 0.1123076923076923 0.44037656903765693 
0 0.38846153846153847 0.35094142259414224 0.11384615384615385 0.3797071129707113 
0 0.3496153846153846 0.3666317991631799 0.12076923076923077 0.3776150627615063 
0 0.3073076923076923 0.4147489539748954 0.12692307692307692 0.48535564853556484 
0 0.25961538461538464 0.4314853556485356 0.12 0.4790794979079498 
1 0.2026923076923077 0.4649581589958159 0.12307692307692308 0.46548117154811713 
1 0.15461538461538463 0.4769874476987448 0.1176923076923077 0.4393305439330544 
1 0.11538461538461539 0.49581589958158995 0.12615384615384614 0.47175732217573224 
1 0.07730769230769231 0.4973849372384937 0.13153846153846155 0.4382845188284519 
0 0.4815384615384615 0.3368200836820084 0.11076923076923077 0.48326359832635984 
0 0.21461538461538462 0.15428870292887029 0.11538461538461539 0.3064853556485356 
0 0.2553846153846154 0.1412133891213389 0.11153846153846154 0.2824267782426778 
0 0.2796153846153846 0.12238493723849372 0.07615384615384616 0.24476987447698745 
0 0.31384615384615383 0.10564853556485355 0.0823076923076923 0.2112970711297071 
1 0.17576923076923076 0.17102510460251047 0.12 0.34205020920502094 
1 0.14038461538461539 0.18776150627615062 0.11923076923076924 0.37447698744769875 
1 0.10346153846153847 0.20345188284518828 0.13230769230769232 0.40690376569037656 
