0 0.03 0.17625523012552302 0.05 0.3190376569037657 
0 0.06576923076923077 0.17677824267782427 0.06923076923076923 0.3075313807531381 
0 0.1346153846153846 0.17311715481171547 0.06615384615384616 0.3200836820083682 
0 0.1676923076923077 0.17468619246861924 0.057692307692307696 0.3043933054393305 
0 0.2053846153846154 0.17207112970711297 0.06307692307692307 0.3002092050209205 
0 0.22923076923076924 0.17311715481171547 0.040769230769230766 0.3043933054393305 
0 0.26076923076923075 0.1752092050209205 0.06307692307692307 0.3138075313807531 
0 0.29346153846153844 0.17573221757322174 0.055384615384615386 0.3106694560669456 
0 0.2915384615384615 0.35826359832635984 0.07307692307692308 0.30857740585774057 
0 0.25076923076923074 0.35930962343096234 0.06384615384615384 0.3200836820083682 
0 0.06423076923076923 0.3624476987447699 0.07769230769230769 0.3169456066945607 
0 0.10423076923076922 0.3608786610878661 0.06923076923076923 0.3138075313807531 
1 0.34076923076923077 0.3624476987447699 0.07230769230769231 0.3064853556485356 
1 0.4176923076923077 0.3608786610878661 0.07230769230769231 0.3127615062761506 
1 0.45076923076923076 0.3577405857740586 0.06692307692307692 0.3043933054393305 
1 0.48423076923076924 0.3577405857740586 0.07 0.28870292887029286 
1 0.3253846153846154 0.17782426778242677 0.05615384615384615 0.3148535564853556 
1 0.3573076923076923 0.17468619246861924 0.05846153846153846 0.3023012552301255 
1 0.39153846153846156 0.17730125523012552 0.06153846153846154 0.303347280334728 
