1 0.016153846153846154 0.20711297071129708 0.03076923076923077 0.3200836820083682 
1 0.05153846153846154 0.2055439330543933 0.06846153846153846 0.3200836820083682 
1 0.09153846153846154 0.20606694560669456 0.07769230769230769 0.3472803347280335 
1 0.12692307692307692 0.20502092050209206 0.06692307692307692 0.3472803347280335 
1 0.16692307692307692 0.2044979079497908 0.07538461538461538 0.3200836820083682 
1 0.20461538461538462 0.20292887029288703 0.07153846153846154 0.3200836820083682 
1 0.24653846153846154 0.20345188284518828 0.08076923076923077 0.35251046025104604 
1 0.21269230769230768 0.38232217573221755 0.07692307692307693 0.2698744769874477 
1 0.1726923076923077 0.3807531380753138 0.08076923076923077 0.26464435146443516 
1 0.13192307692307692 0.38127615062761505 0.07769230769230769 0.29497907949790797 
1 0.09346153846153846 0.38023012552301255 0.07923076923076923 0.28765690376569036 
1 0.05346153846153846 0.3817991631799163 0.08153846153846153 0.26778242677824265 
0 0.28884615384615386 0.2044979079497908 0.08615384615384615 0.35564853556485354 
0 0.33192307692307693 0.20397489539748953 0.09538461538461539 0.35669456066945604 
0 0.39653846153846156 0.19874476987447698 0.09384615384615384 0.3138075313807531 
0 0.4426923076923077 0.20345188284518828 0.10076923076923076 0.32112970711297073 
0 0.4888461538461538 0.20188284518828453 0.12230769230769231 0.3577405857740586 
0 0.27153846153846156 0.3833682008368201 0.08692307692307692 0.3043933054393305 
0 0.31423076923076926 0.3833682008368201 0.09076923076923077 0.29811715481171547 
0 0.3576923076923077 0.3682008368200837 0.08692307692307692 0.2615062761506276 
0 0.3973076923076923 0.36872384937238495 0.09076923076923077 0.2384937238493724 
0 0.4380769230769231 0.3702928870292887 0.09153846153846154 0.28451882845188287 
0 0.48307692307692307 0.3844142259414226 0.11538461538461539 0.3023012552301255 
