1 0.14346153846153847 0.20240585774058578 0.12538461538461537 0.38284518828451886 
1 0.10384615384615385 0.20188284518828453 0.12615384615384614 0.36401673640167365 
1 0.065 0.20135983263598325 0.13 0.3598326359832636 
1 0.12423076923076923 0.3875523012552301 0.12692307692307692 0.3064853556485356 
1 0.08269230769230769 0.3865062761506276 0.13153846153846155 0.3253138075313807 
0 0.1853846153846154 0.20606694560669456 0.11923076923076924 0.3901673640167364 
0 0.22615384615384615 0.20815899581589958 0.11076923076923077 0.3891213389121339 
0 0.25115384615384617 0.20763598326359833 0.08615384615384615 0.37552301255230125 
0 0.2946153846153846 0.20868200836820083 0.09769230769230769 0.3619246861924686 
0 0.38076923076923075 0.21548117154811716 0.08923076923076922 0.39330543933054396 
0 0.4257692307692308 0.2149581589958159 0.08692307692307692 0.3619246861924686 
0 0.49961538461538463 0.21809623430962344 0.05692307692307692 0.3901673640167364 
0 0.47115384615384615 0.21652719665271966 0.09 0.36610878661087864 
0 0.21423076923076922 0.3922594142259414 0.10153846153846154 0.3138075313807531 
0 0.26 0.3948744769874477 0.10153846153846154 0.3138075313807531 
0 0.30115384615384616 0.38389121338912136 0.09307692307692307 0.27405857740585776 
0 0.3396153846153846 0.3854602510460251 0.08538461538461538 0.27510460251046026 
0 0.3819230769230769 0.3854602510460251 0.08307692307692308 0.29602510460251047 
0 0.42923076923076925 0.4027196652719665 0.0876923076923077 0.3148535564853556 
