1 0.03230769230769231 0.350418410041841 0.06461538461538462 0.2792887029288703 
1 0.06807692307692308 0.35094142259414224 0.08384615384615385 0.3106694560669456 
1 0.10538461538461538 0.35460251046025104 0.08 0.3127615062761506 
1 0.14153846153846153 0.35564853556485354 0.07923076923076923 0.29497907949790797 
1 0.1819230769230769 0.35669456066945604 0.08076923076923077 0.3023012552301255 
1 0.03769230769230769 0.16893305439330544 0.06307692307692307 0.26464435146443516 
1 0.07230769230769231 0.16893305439330544 0.07384615384615385 0.2907949790794979 
1 0.10192307692307692 0.1694560669456067 0.06538461538461539 0.2918410041841004 
1 0.13538461538461538 0.16788702928870292 0.06846153846153846 0.26569037656903766 
1 0.16807692307692307 0.16736401673640167 0.06923076923076923 0.27405857740585776 
1 0.2 0.16684100418410042 0.06923076923076923 0.2939330543933054 
0 0.23615384615384616 0.350418410041841 0.09076923076923077 0.3127615062761506 
0 0.2773076923076923 0.3530334728033473 0.09 0.3148535564853556 
0 0.31461538461538463 0.3352510460251046 0.07846153846153846 0.2489539748953975 
0 0.35192307692307695 0.33838912133891214 0.07923076923076923 0.25418410041841005 
0 0.3873076923076923 0.3378661087866109 0.07769230769230769 0.3002092050209205 
0 0.4319230769230769 0.35669456066945604 0.08923076923076922 0.3274058577405858 
0 0.4746153846153846 0.35564853556485354 0.09076923076923077 0.32217573221757323 
0 0.235 0.16893305439330544 0.07384615384615385 0.301255230125523 
0 0.2696153846153846 0.1684100418410042 0.07307692307692308 0.3023012552301255 
0 0.2907692307692308 0.16527196652719664 0.055384615384615386 0.28661087866108786 
0 0.325 0.16631799163179917 0.07153846153846154 0.26778242677824265 
0 0.3630769230769231 0.16788702928870292 0.07846153846153846 0.2730125523012552 
0 0.39807692307692305 0.16893305439330544 0.07615384615384616 0.303347280334728 
0 0.4319230769230769 0.16893305439330544 0.07384615384615385 0.2730125523012552 
0 0.4703846153846154 0.16631799163179917 0.08153846153846153 0.2719665271966527 
