0 0.032692307692307694 0.17625523012552302 0.06153846153846154 0.3190376569037657 
0 0.13653846153846153 0.17625523012552302 0.06846153846153846 0.3148535564853556 
0 0.10230769230769231 0.17730125523012552 0.07 0.3179916317991632 
0 0.06769230769230769 0.17573221757322174 0.07153846153846154 0.3158995815899582 
0 0.1696153846153846 0.17730125523012552 0.06615384615384616 0.3158995815899582 
0 0.2053846153846154 0.174163179916318 0.06461538461538462 0.3043933054393305 
0 0.2619230769230769 0.17625523012552302 0.06769230769230769 0.3117154811715481 
0 0.29615384615384616 0.17625523012552302 0.06769230769230769 0.30962343096234307 
1 0.3280769230769231 0.17677824267782427 0.06461538461538462 0.3117154811715481 
1 0.35807692307692307 0.17625523012552302 0.06153846153846154 0.30857740585774057 
1 0.39115384615384613 0.17625523012552302 0.06230769230769231 0.3054393305439331 
1 0.4238461538461539 0.17677824267782427 0.06923076923076923 0.3043933054393305 
1 0.485 0.17677824267782427 0.05846153846153846 0.303347280334728 
1 0.45615384615384613 0.17730125523012552 0.06307692307692307 0.3054393305439331 
0 0.06576923076923077 0.36297071129707115 0.08384615384615385 0.3190376569037657 
0 0.105 0.36297071129707115 0.07769230769230769 0.3200836820083682 
0 0.14576923076923076 0.34623430962343094 0.07461538461538461 0.29497907949790797 
0 0.17923076923076922 0.34623430962343094 0.07076923076923076 0.2939330543933054 
0 0.2153846153846154 0.3457112970711297 0.07076923076923076 0.2907949790794979 
0 0.2542307692307692 0.3619246861924686 0.07461538461538461 0.3148535564853556 
0 0.2946153846153846 0.36035564853556484 0.08 0.3138075313807531 
1 0.34384615384615386 0.3624476987447699 0.07692307692307693 0.3158995815899582 
1 0.37961538461538463 0.36140167364016734 0.07 0.3158995815899582 
1 0.4153846153846154 0.3598326359832636 0.07 0.30962343096234307 
1 0.4503846153846154 0.3587866108786611 0.07 0.3064853556485356 
